hq_dict = {'Company': [	'Berkshire Hathaway',	'Apple',	'Microsoft',	'JPMorgan Chase',	'Alphabet',	'Bank of America',	'Intel',	'Wells Fargo',	'Citigroup',	'Verizon Communications']
'HQ_GPS_lat': [	41.2665652155238,	37.3320344033222,	47.6423030655177,	40.7560918430126,	37.4244444307427,	35.2516984332765,	37.3872860733935,	37.7939978437439,	40.7207149964738,	40.7544511859009]
'HQ_GPS_lng': [	-95.9359591891807,	-122.029665403973,	-122.136943931254,	-73.9755801511926,	-122.083169609495,	-80.8643427511356,	-121.963906989321,	-122.402969302892,	-74.0112209712649,	-73.9848621227913]}
